549
381
687
460
29
805
116
348
796
457
559
945
565
737
373
111
670
615
410
517
865
179
827
322
0
237
879
806
481
734
6
522
873
131
26
381
261
31
66
947
963
811
934
68
767
541
356
375
218
315
272
449
964
818
595
14
586
575
955
971
19
377
920
349
180
729
142
841
651
616
142
89
745
699
511
736
265
205
682
658
605
946
603
987
911
379
683
515
349
714
386
42
38
651
530
573
633
750
463
357
276
125
75
481
266
166
438
768
390
726
658
245
972
936
172
999
359
873
839
179
653
985
826
760
510
881
186
7
915
883
690
765
740
666
622
695
890
615
528
33
235
125
473
163
347
906
825
320
528
154
970
708
942
9
550
233
360
981
850
694
912
574
642
925
598
675
523
583
317
66
695
191
747
748
747
375
175
691
437
611
276
776
153
696
700
37
35
480
592
444
966
926
595
306
731
472
367
972
678
934
935
572
610
317
163
792
828
480
610
511
468
355
98
121
320
493
59
370
228
403
129
842
700
731
184
988
994
587
938
153
674
822
956
968
802
272
191
253
303
151
761
627
931
958
300
223
323
918
863
299
157
363
264
339
878
617
163
511
673
698
116
973
900
965
104
531
877
763
345
446
722
225
529
194
877
222
518
511
366
640
900
772
882
551
816
130
186
789
920
832
86
128
560
774
176
118
607
744
14
172
336
721
119
923
556
553
78
631
845
493
884
413
830
234
488
121
14
429
482
377
243
41
853
994
19
414
970
661
461
971
145
941
190
273
883
479
672
307
579
478
917
165
554
811
929
128
362
710
565
615
482
979
384
257
56
971
856
435
374
398
166
705
667
138
135
561
57
811
439
709
902
919
689
611
452
852
289
338
924
561
914
619
976
726
331
554
365
904
812
79
775
485
438
493
710
304
929
127
223
218
255
666
966
694
637
27
582
382
74
941
235
599
688
494
934
846
464
552
896
229
466
191
938
463
225
724
473
747
285
5
55
600
554
702
108
718
350
584
964
924
640
132
105
652
220
325
569
463
195
919
163
406
639
88
611
990
572
217
693
959
297
8
222
361
918
414
181
228
728
16
33
930
600
284
388
619
721
618
229
293
696
116
300
886
142
132
118
112
673
728
24
239
473
972
200
826
766
653
590
131
94
149
362
749
268
416
120
257
476
98
998
821
835
243
302
666
948
456
718
984
317
614
941
736
536
205
944
861
525
264
499
872
749
349
579
687
537
741
839
626
393
977
375
130
624
110
133
373
341
623
544
482
500
703
800
229
371
439
259
496
985
306
398
967
544
722
367
502
835
86
767
785
755
219
365
751
524
84
622
660
964
327
360
682
203
733
309
372
77
462
134
686
61
775
29
812
492
177
908
389
679
39
507
395
206
988
996
226
833
662
156
523
909
11
954
349
580
246
497
574
595
886
826
651
452
404
67
106
452
430
100
120
383
213
496
748
231
495
544
198
772
890
875
646
997
246
242
757
709
798
39
522
424
131
814
787
308
716
812
789
853
141
340
611
537
283
553
575
290
922
189
536
297
636
607
80
800
742
115
640
944
512
676
146
633
488
837
963
592
516
701
411
138
482
560
986
631
94
546
529
842
736
430
914
957
510
413
357
913
213
594
481
114
368
802
707
129
163
858
389
812
223
408
246
840
185
579
850
455
57
327
382
44
252
584
722
538
959
112
771
45
537
427
916
680
883
799
688
221
334
778
63
116
345
836
795
491
374
779
869
771
744
540
417
147
667
927
963
461
392
308
308
799
300
938
725
500
708
663
502
977
902
57
948
436
391
922
605
862
581
914
273
97
128
830
967
220
610
439
352
795
975
734
941
179
43
27
408
148
735
708
713
96
848
34
376
352
84
752
841
525
489
477
489
891
476
976
307
458
587
379
896
774
624
457
513
663
10
233
338
11
769
596
660
950
438
571
671
316
853
601
291
557
216
31
273
439
137
839
995
394
363
521
412
356
597
113
149
396
773
913
269
996
997
242
716
8
477
30
213
876
733
49
638
562
20
94
461
775
626
230
857
119
750
619
193
159
957
170
909
337
776
815
431
29
440
866
773
834
921
528
431
964
488
797
191
375
146
452
505
673
659
537
481
518
48
669
612
501
721
697
388
552
990
766
787
145
733
185
123
191
238
284
191
368
91
895
42
904
855
918
506
80
193
868
952
866
957
981
911
817
319
569
551
533
605
132
413
675
353
834
625
652
207
832
219
916
937
741
442
354
117
520
211
80
887
819
898
328
8
861
784
118
667
238
42
85
176
659
809
737
